02 90 00 00 00 00 03 09 00 06 00 00 00 01 ff ff ff ff 0b 64 0f 00 00 0e 09 ff 38 01 ff ff ff ff 
0b 64 0f 00 00 0e 09 ff 38 01 ff ff ff ff 0b 64 0f 00 00 0e 09 ff 38 01 ff ff ff ff 0b 64 0f 00 
00 0e 09 ff 38 0b ff ff ff ff 0e 09 ff 38 0b 64 0f 00 00 0e ff ff ff ff 68 01 ff b6 00 01 0b 68 
01 ff af 00 0f 0b 68 01 ff a8 00 1d 0b 68 01 ff a1 00 2b 0b 68 01 ff 9a 00 39 0b 68 01 ff 93 00 
47 02 90 00 06 00 00 04 02 90 00 0e 00 00 0c 02 90 00 00 00 01 0b 02 90 00 00 00 06 0a 01 00 00 
00 2a 0b 68 04 ff 65 00 01 ff ff ff ff 00 00 00 00 00 0e 09 ff 38 01 ff ff ff ff 0b 64 0f 00 00 
0e 09 ff 38 01 ff 0c 00 45 01 00 00 00 2a 0a a4 00 08 ff 3f 0f 02 90 ff ff ff 46 0e 02 90 00 00 
00 00 02 09 ff 24 01 00 00 00 2a 0c 00 3d 01 00 00 00 2a 0a a4 00 04 ff 1a 0f 02 90 ff ff ff 42 
0e 02 90 00 00 00 00 02 09 fe ff 01 00 00 00 2a 0a a4 00 0c fe fd 0f 02 90 ff ff ff 4a 0e 02 90 
00 00 00 00 02 09 fe e2 01 00 00 00 2a 0a a4 00 00 fe e0 0f 02 90 ff ff ff 3e 0e 02 90 00 00 00 
00 02 09 fe c5 00 00 00 00 00 00 00 00 00 00 00 00 00 00 00 00 00 00 00 00 00 00 00 00 00 00 00 
00 00 00 00 00 01 ff ff ff ff 00 00 00 00 00 0e 09 ff 38 01 ff ff ff ff 0b 64 0f 00 00 0e 09 ff 
38 01 ff 00 00 00 00 00 00 00 00 00 00 00 00 00 00 00 00 00 00 00 00 00 00 00 00 00 00 00 00 00 
00 00 00 00 00 00 00 00 00 00 00 00 00 00 00 00 00 00 00 00 00 00 00 00 00 00 00 00 00 00 00 00 
00 00 00 00 00 00 00 00 00 00 00 00 00 00 00 00 00 00 00 00 00 00 00 00 00 00 00 00 00 00 00 00 
00 00 00 00 00 00 00 00 00 00 00 00 00 00 00 00 00 00 00 00 00 00 00 00 00 00 00 00 00 00 00 00 
00 00 00 00 00 00 00 00 00 00 00 00 00 00 00 00 00 00 00 00 00 00 00 00 00 00 00 00 00 00 00 00 
00 00 01 ff ff ff ff 00 00 00 00 00 0e 09 ff 38 01 ff ff ff ff 0b 64 0f 00 00 0e 09 ff 38 01 ff 
00 00 00 00 00 00 00 00 00 00 00 00 00 00 00 00 00 00 00 00 00 00 00 00 00 00 00 00 00 00 00 00 
00 00 00 00 00 00 00 00 00 00 00 00 00 00 00 00 00 00 00 00 00 00 00 00 00 00 00 00 00 00 00 00 
00 00 00 00 00 00 00 00 00 00 00 00 00 00 00 00 00 00 00 00 00 00 00 00 00 00 00 00 00 00 00 00 
00 00 00 00 00 00 00 00 00 00 00 00 00 00 00 00 00 00 00 00 00 00 00 00 00 00 00 00 00 00 00 00 
00 00 00 00 00 00 00 00 00 00 00 00 00 00 00 00 00 00 00 00 00 00 00 00 00 00 00 00 00 00 00 01 
ff ff ff ff 00 00 00 00 00 0e 09 ff 38 01 ff ff ff ff 0b 64 0f 00 00 0e 09 ff 38 01 ff 00 00 00 
00 00 00 00 00 00 00 00 00 00 00 00 00 00 00 00 00 00 00 00 00 00 00 00 00 00 00 00 00 00 00 00 
00 00 00 00 00 00 00 00 00 00 00 00 00 00 00 00 00 00 00 00 00 00 00 00 00 00 00 00 00 00 00 00 
00 00 00 00 00 00 00 00 00 00 00 00 00 00 00 00 00 00 00 00 00 00 00 00 00 00 00 00 00 00 00 00 
00 00 00 00 00 00 00 00 00 00 00 00 00 00 00 00 00 00 00 00 00 00 00 00 00 00 00 00 00 00 00 00 
00 00 00 00 00 00 00 00 00 00 00 00 00 00 00 00 00 00 00 00 00 00 00 00 00 00 00 00 01 ff ff ff 
ff 00 00 00 00 00 0e 09 ff 38 01 ff ff ff ff 0b 64 0f 00 00 0e 09 ff 38 01 ff 00 00 00 00 00 00 
00 00 00 00 00 00 00 00 00 00 00 00 00 00 00 00 00 00 00 00 00 00 00 00 00 00 00 00 00 00 00 00 
00 00 00 00 00 00 00 00 00 00 00 00 00 00 00 00 00 00 00 00 00 00 00 00 00 00 00 00 00 00 00 00 
00 00 00 00 00 00 00 00 00 00 00 00 00 00 00 00 00 00 00 00 00 00 00 00 00 00 00 00 00 00 00 00 
00 00 00 00 00 00 00 00 00 00 00 00 00 00 00 00 00 00 00 00 00 00 00 00 00 00 00 00 00 00 00 00 
00 00 00 00 00 00 00 00 00 00 00 00 00 00 00 00 00 00 00 00 00 00 00 00 00 01 ff ff ff ff 00 00 
00 00 00 0e 09 ff 38 01 ff ff ff ff 0b 64 0f 00 00 0e 09 ff 38 01 ff 00 00 00 00 00 00 00 00 00 
00 00 00 00 00 00 00 00 00 00 00 00 00 00 00 00 00 00 00 00 00 00 00 00 00 00 00 00 00 00 00 00 
00 00 00 00 00 00 00 00 00 00 00 00 00 00 00 00 00 00 00 00 00 00 00 00 00 00 00 00 00 00 00 00 
00 00 00 00 00 00 00 00 00 00 00 00 00 00 00 00 00 00 00 00 00 00 00 00 01 ff ff ff ff 0b 64 0f 
00 00 0e 09 ff 38 01 ff 00 00 00 00 00 00 00 00 00 00 00 00 00 00 00 00 00 00 00 00 00 00 00 00 
00 00 00 00 00 00 00 00 00 00 00 00 00 00 00 00 00 00 00 00 00 00 01 ff ff ff ff 00 00 00 00 00 
0e 09 ff 38 01 ff ff ff ff 0b 64 0f 00 00 0e 09 ff 38 01 ff 00 00 00 00 00 00 00 00 00 00 00 00 
00 00 00 00 00 00 00 00 00 00 00 00 00 00 00 00 00 00 00 00 00 00 00 00 00 00 00 00 00 00 00 00 
00 00 00 00 00 00 00 00 00 00 00 00 00 00 00 00 00 00 00 00 00 00 00 00 00 00 00 00 00 00 00 00 
00 00 00 00 00 00 00 00 00 00 00 00 00 00 00 00 00 00 00 00 00 01 ff ff ff ff 0b 64 0f 00 00 0e 
09 ff 38 01 ff 00 00 00 00 00 00 00 00 00 00 00 00 00 00 00 00 00 00 00 00 00 00 00 00 00 00 00 
00 00 00 00 00 00 00 00 00 00 00 00 00 00 00 00 00 00 00 01 ff ff ff ff 00 00 00 00 00 0e 09 ff 
38 01 ff ff ff ff 0b 64 0f 00 00 0e 09 ff 38 01 ff 00 00 00 00 00 00 00 00 00 00 00 00 00 00 00 
00 00 00 00 00 00 00 00 00 00 00 00 00 00 00 00 00 00 00 00 00 00 00 00 00 00 00 00 00 00 00 00 
00 00 00 00 00 00 00 00 00 00 00 00 00 00 00 00 00 00 00 00 00 00 00 00 00 00 00 00 00 00 00 00 
00 00 00 00 00 00 00 00 00 00 00 00 00 00 00 00 00 00 01 ff ff ff ff 0b 64 0f 00 00 0e 09 ff 38 
01 ff 00 00 00 00 00 00 00 00 00 00 00 00 00 00 00 00 00 00 00 00 00 00 00 00 00 00 00 00 00 00 
00 00 00 00 00 00 00 00 00 00 00 00 00 00 00 00 01 ff ff ff ff 00 00 00 00 00 0e 09 ff 38 01 ff 
ff ff ff 0b 64 0f 00 00 0e 09 ff 38 01 ff 00 00 00 00 00 00 00 00 00 00 00 00 00 00 00 00 00 00 
00 00 00 00 00 00 00 00 00 00 00 00 00 00 00 00 00 00 00 00 00 00 00 00 00 00 00 00 00 00 00 00 
00 00 00 00 00 00 00 00 00 00 00 00 00 00 00 00 00 00 00 00 00 00 00 00 00 00 00 00 00 00 00 00 
00 00 00 00 00 00 00 00 00 00 00 00 00 00 00 01 ff ff ff ff 0b 64 0f 00 00 0e 09 ff 38 01 ff 00 
00 00 00 00 00 00 00 00 00 00 00 00 00 00 00 00 00 00 00 00 00 00 00 00 00 00 00 00 00 00 00 00 
00 00 00 00 00 00 00 00 00 00 00 00 00 01 ff ff ff ff 00 00 00 00 00 0e 09 ff 38 01 ff ff ff ff 
0b 64 0f 00 00 0e 09 ff 38 01 ff 00 00 00 00 00 00 00 00 00 00 00 00 00 00 00 00 00 00 00 00 00 
00 00 00 00 00 00 00 00 00 00 00 00 00 00 00 00 00 00 00 00 00 00 00 00 00 00 00 00 00 00 00 00 
00 00 00 00 00 00 00 00 00 00 00 00 00 00 00 00 00 00 00 00 00 00 00 00 00 00 00 00 00 00 00 00 
00 00 00 00 00 00 00 00 00 00 00 00 01 ff ff ff ff 00 00 00 00 00 0e 09 ff 38 01 ff 00 00 00 00 
00 00 00 00 00 00 00 00 00 00 00 00 00 00 00 00 00 00 00 00 00 00 00 00 00 00 00 00 00 00 00 00 
0b 68 01 00 0f 00 01 06 64 01 01 ff ff ff ff 00 00 00 00 00 0e 09 ff 38 01 ff ff ff ff 0b 64 0f 
00 00 0e 09 ff 38 01 ff 00 00 00 00 00 00 00 00 00 00 00 00 00 00 00 00 00 00 00 00 00 00 00 00 
00 00 00 00 00 00 00 00 00 00 00 00 00 00 00 00 00 00 00 00 00 00 00 00 00 00 00 00 00 00 00 00 
00 00 00 00 00 00 00 00 00 00 00 00 00 00 00 00 00 00 00 00 00 00 00 00 00 00 00 00 00 00 00 00 
00 00 00 00 00 00 00 00 00 01 ff ff ff ff 00 00 00 00 00 0e 09 ff 38 01 ff 00 00 00 00 00 00 00 
00 00 00 00 00 00 00 00 00 00 00 00 00 00 00 00 00 00 00 00 00 00 00 00 00 00 00 00 00 00 00 00 
00 00 00 00 00 00 00 01 ff ff ff ff 00 00 00 00 00 0e 09 ff 38 01 ff ff ff ff 0b 64 0f 00 00 0e 
09 ff 38 01 ff 00 00 00 00 00 00 00 00 00 00 00 00 00 00 00 00 00 00 00 00 00 00 00 00 00 00 00 
00 00 00 00 00 00 00 00 00 00 00 00 00 00 00 00 00 00 00 00 00 00 00 00 00 00 00 00 00 00 00 00 
00 00 00 00 00 00 00 00 00 00 00 00 00 00 00 00 00 00 00 00 00 00 00 00 00 00 00 00 00 00 00 00 
00 00 00 00 00 00 01 ff ff ff ff 00 00 00 00 00 0e 09 ff 38 01 ff 00 00 00 00 00 00 00 00 00 00 
00 00 00 00 00 00 00 00 00 00 00 00 00 00 00 00 00 00 00 00 00 00 00 00 00 00 00 00 00 00 00 00 
00 00 00 00 01 ff ff ff ff 00 00 00 00 00 0e 09 ff 38 01 ff ff ff ff 0b 64 0f 00 00 0e 09 ff 38 
01 ff 00 00 00 00 00 00 00 00 00 00 00 00 00 00 00 00 00 00 00 00 00 00 00 00 00 00 00 00 00 00 
00 00 00 00 00 00 00 00 00 00 00 00 00 00 00 00 00 00 00 00 00 00 00 00 00 00 00 00 00 00 00 00 
00 00 00 00 00 00 00 00 00 00 00 00 00 00 00 00 00 00 00 00 00 00 00 00 00 00 00 00 00 00 00 00 
00 00 00 01 ff ff ff ff 00 00 00 00 00 0e 09 ff 38 01 ff 00 00 00 00 00 00 00 00 00 00 00 00 00 
00 00 00 00 00 00 00 00 00 00 00 00 00 00 00 00 00 00 00 00 00 00 00 00 00 00 00 00 00 00 00 00 
00 01 ff ff ff ff 00 00 00 00 00 0e 09 ff 38 01 ff ff ff ff 0b 64 0f 00 00 0e 09 ff 38 01 ff 00 
00 00 00 00 00 00 00 00 00 00 00 00 00 00 00 00 00 00 00 00 00 00 00 00 00 00 00 00 00 00 00 00 
00 00 00 00 00 00 00 00 00 00 00 00 00 00 00 00 00 00 00 00 00 00 00 00 00 00 00 00 00 00 00 00 
00 00 00 00 00 00 00 00 00 00 00 00 00 00 00 00 00 00 00 00 00 00 00 00 00 00 00 00 00 00 00 00 
01 ff ff ff ff 00 00 00 00 00 0e 09 ff 38 01 ff 00 00 00 00 00 00 00 00 00 00 00 00 00 00 00 00 
00 00 00 00 00 00 00 00 00 00 00 00 00 00 00 00 00 00 00 00 00 00 00 00 00 00 00 00 00 00 01 ff 
ff ff ff 0b 64 0f 00 00 0e 09 ff 38 01 ff ff ff ff 0b 64 0f 00 00 0e 09 ff 38 01 ff 00 00 00 00 
00 00 00 00 00 00 00 00 00 00 00 00 00 00 00 00 00 00 00 00 00 00 00 00 00 00 00 00 00 00 00 00 
00 00 00 00 00 00 00 00 00 00 00 00 00 00 00 00 00 00 00 00 00 00 00 00 00 00 00 00 00 00 00 00 
00 00 00 00 00 00 00 00 00 00 00 00 00 00 00 00 00 00 00 00 00 00 00 00 00 00 00 00 00 01 ff ff 
ff ff 00 00 00 00 00 0e 09 ff 38 01 ff 00 00 00 00 00 00 00 00 00 00 00 00 00 00 00 00 00 00 00 
00 00 00 00 00 00 00 00 00 00 00 00 00 00 00 00 00 00 00 00 00 00 00 00 00 00 00 01 ff ff ff ff 
0b 64 0f 00 00 0e 09 ff 38 01 ff ff ff ff 0b 64 0f 00 00 0e 09 ff 38 01 ff 00 00 00 00 00 00 00 
00 00 00 00 00 00 00 00 00 00 00 00 00 00 00 00 00 00 00 00 00 00 00 00 00 00 00 00 00 00 00 00 
00 00 00 00 00 00 00 00 00 00 00 00 00 00 00 00 00 00 00 00 00 00 00 00 00 00 00 00 00 00 00 00 
00 00 00 00 00 00 00 00 00 00 00 00 00 00 00 00 00 00 00 00 00 00 00 00 00 00 01 ff ff ff ff 00 
00 00 00 00 0e 09 ff 38 01 ff 00 00 00 00 00 00 00 00 00 00 00 00 00 00 00 00 00 00 00 00 00 00 
00 00 00 00 00 00 00 00 00 00 00 00 00 00 00 00 00 00 00 00 00 00 00 00 01 ff ff ff ff 0b 64 0f 
00 00 0e 09 ff 38 01 ff ff ff ff 0b 64 0f 00 00 0e 09 ff 38 01 ff 00 00 00 00 00 00 00 00 00 00 
00 00 00 00 00 00 00 00 00 00 00 00 00 00 00 00 00 00 00 00 00 00 00 00 00 00 00 00 00 00 00 00 
00 00 00 00 00 00 00 00 00 00 00 00 00 00 00 00 00 00 00 00 00 00 00 00 00 00 00 00 00 00 00 00 
00 00 00 00 00 00 00 00 00 00 00 00 00 00 00 00 00 00 00 00 00 00 00 01 ff ff ff ff 00 00 00 00 
00 0e 09 ff 38 01 ff 00 00 00 00 00 00 00 00 00 00 00 00 00 00 00 00 00 00 00 00 00 00 00 00 00 
00 00 00 00 00 00 00 00 00 00 00 00 00 00 00 00 00 00 00 00 00 01 ff ff ff ff 0b 64 0f 00 00 0e 
09 ff 38 01 ff ff ff ff 0b 64 0f 00 00 0e 09 ff 38 01 ff 00 00 00 00 00 00 00 00 00 00 00 00 00 
00 00 00 00 00 00 00 00 00 00 00 00 00 00 00 00 00 00 00 00 00 00 00 00 00 00 00 00 00 00 00 00 
00 00 00 00 00 00 00 00 00 00 00 00 00 00 00 00 00 00 00 00 00 00 00 00 00 00 00 00 00 00 00 00 
00 00 00 00 00 00 00 00 00 00 00 00 00 00 00 00 00 00 00 00 01 ff ff ff ff 00 00 00 00 00 0e 09 
ff 38 01 ff 00 00 00 00 00 00 00 00 00 00 00 00 00 00 00 00 00 00 00 00 00 00 00 00 00 00 00 00 
00 00 00 00 00 00 00 00 00 00 00 00 00 00 00 00 00 00 01 ff ff ff ff 0b 64 0f 00 00 0e 09 ff 38 
01 ff ff ff ff 0b 64 0f 00 00 0e 09 ff 38 01 ff 00 00 00 00 00 00 00 00 00 00 00 00 00 00 00 00 
00 00 00 00 00 00 00 00 00 00 00 00 00 00 00 00 00 00 00 00 00 00 00 00 00 00 00 00 00 00 00 00 
00 00 00 00 00 00 00 00 00 00 00 00 00 00 00 00 00 00 00 00 00 00 00 00 00 00 00 00 00 00 00 00 
00 00 00 00 00 00 00 00 00 00 00 00 00 00 00 00 00 01 ff ff ff ff 00 00 00 00 00 0e 09 ff 38 01 
ff 00 00 00 00 00 00 00 00 00 00 00 00 00 00 00 00 00 00 00 00 00 00 00 00 00 00 00 00 00 00 00 
00 00 00 00 00 00 00 00 00 00 00 00 00 00 00 01 ff ff ff ff 0b 64 0f 00 00 0e 09 ff 38 01 ff ff 
ff ff 0b 64 0f 00 00 0e 09 ff 38 01 ff 00 00 00 00 00 00 00 00 00 00 00 00 00 00 00 00 00 00 00 
00 00 00 00 00 00 00 00 00 00 00 00 00 00 00 00 00 00 00 00 00 00 00 00 00 00 00 00 00 00 00 00 
00 00 00 00 00 00 00 00 00 00 00 00 00 00 00 00 00 00 00 00 00 00 00 00 00 00 00 00 00 00 00 00 
00 00 00 00 00 00 00 00 00 00 00 00 00 00 01 ff ff ff ff 00 00 00 00 00 0e 09 ff 38 01 ff 00 00 
00 00 00 00 00 00 00 00 00 00 00 00 00 00 00 00 00 00 00 00 00 00 00 00 00 00 00 00 00 00 00 00 
00 00 00 00 00 00 00 00 00 00 00 00 01 ff ff ff ff 0b 64 0f 00 00 0e 09 ff 38 01 ff ff ff ff 0b 
64 0f 00 00 0e 09 ff 38 01 ff 00 00 01 ff ff ff ff 0b 64 0f 00 00 0e 09 ff 38 01 ff 00 00 00 00 
00 00 00 00 00 00 00 00 00 00 00 00 00 00 00 00 00 00 00 00 00 00 00 00 00 00 00 00 00 00 00 00 
00 00 00 00 00 00 00 00 00 00 00 00 00 00 00 00 00 00 00 00 00 00 00 00 00 00 00 00 00 00 00 00 
00 00 00 00 00 00 00 00 00 00 00 01 ff ff ff ff 00 00 00 00 00 0e 09 ff 38 01 ff 00 00 00 00 00 